72364 EPZ Santa Teresa Observations at 00Z 01 Feb 2017

-----------------------------------------------------------------------------
   PRES   HGHT   TEMP   DWPT   RELH   MIXR   DRCT   SKNT   THTA   THTE   THTV
    hPa     m      C      C      %    g/kg    deg   knot     K      K      K 
-----------------------------------------------------------------------------
 1000.0    133                                                               
  925.0    796                                                               
  876.0   1252   19.8  -12.2     10   1.72    270     12  304.2  309.9  304.6
  871.0   1301   18.8  -16.2      8   1.25    271     13  303.7  307.9  303.9
  850.0   1509   16.6  -16.4      9   1.26    275     17  303.5  307.7  303.8
  823.0   1782   13.8  -16.2     11   1.32    288     14  303.4  307.8  303.6
  818.3   1829   13.3  -16.3     11   1.32    290     14  303.4  307.8  303.6
  788.7   2134   10.4  -16.9     13   1.30    290     16  303.4  307.8  303.7
  760.3   2438    7.5  -17.5     15   1.28    300     14  303.5  307.8  303.7
  737.0   2696    5.0  -18.0     17   1.27    300     15  303.5  307.7  303.7
  732.7   2743    5.7  -22.7     11   0.84    300     15  304.8  307.7  304.9
  730.0   2774    6.2  -25.8      8   0.64    300     15  305.6  307.9  305.8
  711.0   2990    6.6  -35.4      3   0.27    300     19  308.4  309.4  308.4
  700.0   3117    5.4  -32.6      4   0.36    300     21  308.4  309.7  308.5
  699.0   3129    5.4  -32.6      4   0.36    300     21  308.6  309.9  308.6
  672.0   3450    4.8  -38.2      3   0.21    306     21  311.4  312.2  311.4
  655.0   3658    3.3  -42.5      2   0.14    310     21  311.9  312.5  312.0
  635.0   3909    1.4  -47.6      1   0.08    318     21  312.6  312.9  312.6
  628.0   3998    1.2  -47.8      1   0.08    321     20  313.4  313.7  313.4
  624.0   4050    1.2  -24.8     12   0.82    323     20  313.9  316.9  314.1
  607.1   4267   -0.4  -26.2     12   0.75    330     20  314.6  317.2  314.7
  562.2   4877   -4.8  -30.1     12   0.56    335     18  316.3  318.4  316.4
  544.0   5138   -6.7  -31.7     12   0.50    342     16  317.1  318.9  317.2
  500.0   5790  -12.5  -46.5      4   0.12      0     10  317.7  318.2  317.8
  490.0   5944  -13.7  -48.7      3   0.09    355     12  318.1  318.5  318.1
  480.1   6096  -14.9  -48.3      4   0.10    350     15  318.5  318.9  318.5
  425.0   7007  -21.9  -45.9      9   0.15    340     17  320.8  321.4  320.9
  413.0   7217  -23.3  -40.3     20   0.28    338     17  321.7  322.8  321.7
  400.0   7450  -25.3  -50.3      8   0.10    335     18  322.0  322.4  322.0
  397.0   7504  -25.5  -48.5     10   0.12    333     17  322.5  322.9  322.5
  390.7   7620  -26.6  -46.5     14   0.15    330     16  322.5  323.1  322.5
  379.0   7838  -28.7  -42.7     25   0.23    333     17  322.5  323.5  322.6
  354.0   8320  -33.1  -47.1     23   0.16    341     19  323.0  323.6  323.0
  344.0   8520  -34.7  -48.7     23   0.13    345     20  323.4  324.0  323.5
  331.0   8787  -36.1  -60.1      7   0.04    349     21  325.1  325.3  325.1
  314.2   9144  -38.9  -64.7      5   0.02    355     23  326.1  326.1  326.1
  303.0   9393  -40.9  -67.9      4   0.01    359     23  326.7  326.7  326.7
  300.0   9460  -41.5  -67.5      4   0.01      0     23  326.8  326.8  326.8
  250.0  10670  -52.7  -70.7     10   0.01     10     23  327.6  327.6  327.6
  241.0  10906  -54.5  -69.5     14   0.01     10     21  328.3  328.4  328.3
  238.5  10973  -54.9  -69.4     15   0.01     10     21  328.7  328.8  328.7
  221.0  11458  -57.9  -68.9     23   0.02    354     32  331.3  331.4  331.3
  216.7  11582  -57.6  -69.8     20   0.01    350     35  333.7  333.7  333.7
  207.0  11872  -56.9  -71.9     13   0.01    350     27  339.1  339.2  339.1
  206.5  11887  -56.9  -72.0     13   0.01    350     27  339.3  339.4  339.3
  200.0  12090  -57.5  -73.5     11   0.01    335     16  341.6  341.6  341.6
  196.8  12192  -57.9  -74.2     11   0.01    315     14  342.5  342.5  342.5
  187.4  12497  -59.2  -76.3      9   0.01    285     25  345.2  345.2  345.2
  177.0  12852  -60.7  -78.7      8   0.00    295     44  348.4  348.5  348.4
  173.0  12993  -60.5  -79.5      7   0.00    301     46  351.1  351.1  351.1
  171.0  13065  -59.7  -79.7      6   0.00    303     47  353.5  353.6  353.5
  169.9  13106  -59.9  -80.2      5   0.00    305     47  353.9  353.9  353.9
  165.0  13287  -60.7  -82.7      4   0.00    314     46  355.5  355.5  355.5
  161.7  13411  -59.9  -83.9      3   0.00    320     46  358.9  358.9  358.9
  157.0  13596  -58.7  -85.7      2   0.00    316     43  364.0  364.0  364.0
  150.0  13880  -59.3  -87.3      2   0.00    310     38  367.7  367.7  367.7
  146.7  14021  -59.7  -88.2      1   0.00    305     36  369.4  369.4  369.4
  143.0  14179  -60.1  -89.1      1   0.00    302     42  371.4  371.4  371.4
  138.0  14402  -59.5  -88.5      1   0.00    299     50  376.2  376.2  376.2
  133.1  14630  -60.1  -89.2      1   0.00    295     58  379.0  379.0  379.0
  132.0  14681  -60.3  -89.3      1   0.00    295     58  379.6  379.6  379.6
  128.0  14873  -59.7  -89.7      1   0.00    297     58  384.0  384.1  384.0
  120.7  15240  -62.2  -91.5      1   0.00    300     58  386.0  386.0  386.0
  117.0  15431  -63.5  -92.5      1   0.00    307     57  387.0  387.0  387.0
  108.0  15923  -64.7  -91.7      1   0.00    324     53  393.7  393.7  393.7
  100.0  16390  -67.9  -93.9      1   0.00    340     49  396.3  396.3  396.3
   89.2  17069  -70.8  -94.2      2   0.00    320     23  403.6  403.6  403.6
   84.8  17374  -72.1  -94.3      2   0.00    300     39  406.9  406.9  406.9
   84.2  17413  -72.3  -94.3      2   0.00    295     38  407.3  407.3  407.3
   80.5  17678  -70.7  -92.7      3   0.00    305     20  415.9  415.9  415.9
   79.3  17768  -70.1  -92.1      3   0.00    303     21  418.9  418.9  418.9
   76.0  18020  -71.7  -93.7      3   0.00    297     25  420.7  420.7  420.7
   72.9  18268  -68.7  -90.7      3   0.00    290     29  432.0  432.1  432.0
   72.7  18288  -68.9  -90.9      3   0.00    290     29  432.1  432.1  432.1
   70.0  18510  -70.7  -92.7      3   0.00    310     31  432.8  432.8  432.8
   69.0  18593  -71.0  -92.9      3   0.00    315     31  433.9  433.9  433.9
   65.5  18898  -72.2  -93.6      3   0.00    315     18  437.8  437.8  437.8
   62.9  19138  -73.1  -94.1      3   0.00    295     17  440.9  440.9  440.9
   62.2  19202  -72.7  -93.9      3   0.00    290     17  443.2  443.2  443.2
   58.4  19574  -70.5  -92.5      3   0.00    327     17  456.2  456.3  456.2
   56.1  19812  -70.4  -92.4      3   0.00    350     17  461.8  461.8  461.8
   53.9  20048  -70.3  -92.3      3   0.00    334     16  467.3  467.3  467.3
   53.3  20117  -69.2  -91.7      3   0.00    330     16  471.4  471.4  471.4
   50.6  20427  -64.1  -89.1      2   0.00     81      3  490.3  490.4  490.3
   50.6  20422  -64.2  -89.1      2   0.00     80      3  490.0  490.0  490.0
   50.0  20500  -63.9  -89.9      2   0.00     95      3  492.5  492.5  492.5
   47.2  20853  -64.9  -91.9      1   0.00     70      7  498.3  498.3  498.3
   43.6  21336  -64.3  -92.2      1   0.00     35     12  511.0  511.1  511.0
   39.1  22008  -63.5  -92.5      1   0.00     46     14  529.3  529.4  529.3
   37.7  22233  -61.3  -91.3      1   0.00     50     15  540.5  540.5  540.5
   35.8  22555  -61.1  -91.2      1   0.00     55     16  548.9  549.0  548.9
   34.1  22860  -61.0  -91.0      1   0.00     40     15  557.0  557.1  557.0
   32.9  23081  -60.9  -90.9      1   0.00     49     15  563.0  563.0  563.0
   30.9  23470  -58.6  -89.6      1   0.00     65     16  579.2  579.2  579.2
   30.8  23494  -58.5  -89.5      1   0.00     64     17  580.2  580.2  580.2
   30.0  23660  -58.5  -89.5      1   0.00     60     22  584.6  584.6  584.6
   29.5  23774  -58.5  -89.5      1   0.00     50     19  587.6  587.6  587.6
   26.7  24384  -58.5  -89.5      1   0.00     80     24  604.1  604.2  604.1
   25.5  24689  -58.5  -89.5      1   0.01     60     21  612.5  612.6  612.5
   23.1  25298  -58.5  -89.5      1   0.01     85     19  629.7  629.8  629.7
   22.0  25603  -58.5  -89.5      1   0.01     70     20  638.5  638.6  638.5
   20.0  26210  -58.5  -89.5      1   0.01     80     27  656.4  656.4  656.4
   17.1  27195  -58.5  -89.5      1   0.01     84     29  686.4  686.5  686.4
   16.5  27432  -57.5  -89.0      1   0.01     85     30  697.1  697.2  697.1
   16.0  27614  -56.7  -88.7      1   0.01     83     31  705.5  705.6  705.5
   14.2  28346  -56.9  -88.0      1   0.01     75     36  728.5  728.7  728.5
   14.0  28460  -56.9  -87.9      1   0.01     76     36  732.2  732.4  732.2
   11.5  29725  -50.1  -84.1      1   0.03     82     33  798.9  799.2  798.9
   10.3  30446  -49.5  -83.5      1   0.04     85     31  826.7  827.1  826.7
   10.2  30480  -49.3  -83.3      1   0.04     85     31  828.5  829.0  828.6
   10.0  30640  -48.5  -82.5      1   0.04     90     30  837.4  838.0  837.4
    9.8  30785  -47.3  -81.7      1   0.05    105     24  847.1  847.8  847.2
    9.5  30979  -45.7  -80.7      1   0.06                860.4  861.2  860.4
    8.8  31490  -45.1  -80.1      1   0.07                881.7  882.7  881.7

Station information and sounding indices

                         Station identifier: EPZ
                             Station number: 72364
                           Observation time: 170201/0000
                           Station latitude: 31.86
                          Station longitude: -106.70
                          Station elevation: 1252.0
                            Showalter index: 11.31
                               Lifted index: 11.23
    LIFT computed using virtual temperature: 11.07
                                SWEAT index: 44.00
                                    K index: -25.30
                         Cross totals index: -3.90
                      Vertical totals index: 29.10
                        Totals totals index: 25.20
      Convective Available Potential Energy: 0.00
             CAPE using virtual temperature: 0.00
                      Convective Inhibition: 0.00
             CINS using virtual temperature: 0.00
                     Bulk Richardson Number: 0.00
          Bulk Richardson Number using CAPV: 0.00
  Temp [K] of the Lifted Condensation Level: 251.16
Pres [hPa] of the Lifted Condensation Level: 515.18
     Mean mixed layer potential temperature: 303.57
              Mean mixed layer mixing ratio: 1.29
              1000 hPa to 500 hPa thickness: 5657.00
Precipitable water [mm] for entire sounding: 3.13
